# pair matrix from file 'full.cbcb'
# A R N D C Q E G H I L K M F P S T W Y V 
28481   43274   34335   36368   8520    30241   40860   0       21525   41387   64297   33621   21060   32990   38977   47011   48040   11390   30789   49163   
43274   19882   29326   48719   7852    26895   48996   0       16985   30192   50660   27753   15513   26761   36198   39072   39920   9906    27641   36379   
34335   29326   13171   30487   6283    21435   29423   0       14360   24974   38156   24595   11518   21716   26816   33453   34250   7256    21093   29901   
36368   48719   30487   16309   6362    25463   33096   0       18105   27511   41127   37738   14082   21523   32237   36721   36205   10012   23613   33200   
8520    7852    6283    6362    3874    4771    6203    0       4753    7531    12370   5348    3305    6685    9607    9019    8759    4209    5828    9158    
30241   26895   21435   25463   4771    10531   26220   0       12103   21127   37571   21221   10994   19197   24981   29216   30331   7789    18584   25851   
40860   48996   29423   33096   6203    26220   17930   0       18072   31681   48282   43644   15897   25725   31914   35481   36752   8424    25804   37047   
0       0       0       0       0       0       0       0       0       0       0       0       0       0       0       0       0       0       0       0       
21525   16985   14360   18105   4753    12103   18072   0       5498    14967   22608   13572   8151    13211   16331   18221   19613   4651    13102   17765   
41387   30192   24974   27511   7531    21127   31681   0       14967   19285   53898   24671   16209   27162   27671   32901   36730   8041    22383   40021   
64297   50660   38156   41127   12370   37571   48282   0       22608   53898   49296   39512   26088   42785   43269   52588   56986   15687   35444   62248   
33621   27753   24595   37738   5348    21221   43644   0       13572   24671   39512   12905   12253   19201   26803   33114   32579   7518    21319   32367   
21060   15513   11518   14082   3305    10994   15897   0       8151    16209   26088   12253   5137    13270   14006   15810   16047   4408    12343   18082   
32990   26761   21716   21523   6685    19197   25725   0       13211   27162   42785   19201   13270   12171   24909   29600   30115   9167    21762   32043   
38977   36198   26816   32237   9607    24981   31914   0       16331   27671   43269   26803   14006   24909   18966   34113   35440   11130   26470   35607   
47011   39072   33453   36721   9019    29216   35481   0       18221   32901   52588   33114   15810   29600   34113   26761   48037   9351    28269   43177   
48040   39920   34250   36205   8759    30331   36752   0       19613   36730   56986   32579   16047   30115   35440   48037   25037   12098   27875   46199   
11390   9906    7256    10012   4209    7789    8424    0       4651    8041    15687   7518    4408    9167    11130   9351    12098   1977    8228    10105   
30789   27641   21093   23613   5828    18584   25804   0       13102   22383   35444   21319   12343   21762   26470   28269   27875   8228    10818   27785   
49163   36379   29901   33200   9158    25851   37047   0       17765   40021   62248   32367   18082   32043   35607   43177   46199   10105   27785   25767   
