# run statistics file
# initial configuration is from '1I9R_prepped.pdb'
# Antibody is composed of chains: 'L,H'
# Antigen is composed of chains: 'A'
# number of runs= 1
# Normal MC run at temperature: 300K
# columns are: step, RMSD, system potential energy (kcal/mol), step sizes for move type(s) (ROTATE  TRANSLATE), seq
0  0.00  -13.90  2.00  1.00
1  0.00  -13.90  2.00  0.95
2  0.06  -14.11  2.10  0.95
3  0.06  -14.11  2.10  0.90
4  0.32  -14.47  2.10  0.95
5  0.59  -14.70  2.10  1.00
6  0.59  -14.70  2.10  0.95
7  0.58  -14.47  2.10  0.99
8  0.50  -15.06  2.20  0.99
9  0.78  -15.62  2.20  1.04
10  1.07  -15.33  2.20  1.09
11  1.07  -15.33  2.09  1.09
12  1.05  -15.23  2.09  1.15
13  1.05  -15.23  2.09  1.09
14  1.29  -13.56  2.09  1.15
15  1.63  -13.81  2.20  1.15
16  1.52  -14.61  2.20  1.20
17  1.52  -14.61  2.20  1.14
18  1.50  -15.03  2.20  1.20
19  1.20  -15.91  2.20  1.26
20  1.20  -15.91  2.20  1.20
21  1.48  -15.73  2.20  1.26
22  1.49  -15.18  2.20  1.32
23  1.48  -15.89  2.31  1.32
24  1.48  -15.89  2.19  1.32
25  1.48  -15.89  2.19  1.25
26  1.48  -15.89  2.19  1.19
27  1.73  -15.24  2.30  1.19
28  2.22  -15.26  2.42  1.19
29  2.22  -15.26  2.30  1.19
30  2.22  -15.26  2.30  1.13
31  2.22  -15.26  2.30  1.08
32  2.30  -15.33  2.30  1.13
33  1.91  -15.13  2.41  1.13
34  1.87  -15.22  2.53  1.13
35  1.94  -15.40  2.66  1.13
36  2.30  -15.24  2.66  1.19
37  2.30  -15.24  2.66  1.13
38  2.30  -15.24  2.53  1.13
39  2.30  -15.24  2.53  1.07
40  2.30  -15.24  2.53  1.02
41  2.30  -15.24  2.53  0.97
42  2.30  -15.24  2.40  0.97
43  2.30  -15.24  2.40  0.92
44  2.47  -14.52  2.40  0.96
45  2.47  -14.52  2.28  0.96
46  2.47  -14.52  2.17  0.96
47  2.30  -14.83  2.17  1.01
48  2.30  -14.83  2.17  0.96
49  2.30  -14.27  2.28  0.96
50  2.30  -14.27  2.28  0.48
51  2.33  -14.30  2.28  0.50
52  2.22  -14.05  2.39  0.50
53  2.73  -13.82  2.51  0.50
54  2.87  -13.91  2.51  0.53
55  2.86  -13.77  2.51  0.56
56  2.95  -13.90  2.63  0.56
57  2.95  -13.90  2.50  0.56
58  2.95  -13.90  2.38  0.56
59  2.57  -13.67  2.50  0.56
60  2.20  -14.59  2.62  0.56
61  2.04  -15.13  2.62  0.58
62  2.10  -14.92  2.62  0.61
63  2.10  -14.92  1.31  0.61
64  2.34  -14.48  1.38  0.61
65  2.29  -14.45  1.38  0.64
66  2.29  -14.45  1.38  0.61
67  2.06  -14.12  1.38  0.64
68  2.18  -14.44  1.38  0.67
69  2.10  -15.00  1.38  0.71
70  2.27  -14.94  1.38  0.74
71  2.44  -14.75  1.44  0.74
72  2.44  -14.75  1.37  0.74
73  2.51  -14.20  1.44  0.74
74  2.30  -14.17  1.44  0.78
75  2.09  -15.08  1.44  0.82
76  2.05  -15.06  1.44  0.86
77  2.05  -15.06  1.44  0.82
78  2.07  -15.41  1.44  0.86
79  2.07  -15.41  1.44  0.82
80  2.07  -15.41  1.44  0.77
81  2.07  -15.41  1.44  0.74
82  1.83  -15.78  1.51  0.74
83  1.83  -15.78  1.51  0.70
84  1.83  -15.78  1.44  0.70
85  1.83  -15.78  1.37  0.70
86  1.66  -16.18  1.37  0.73
87  1.80  -16.24  1.43  0.73
88  1.75  -16.86  1.51  0.73
89  1.75  -16.86  1.43  0.73
90  1.75  -16.86  1.43  0.70
91  1.75  -16.86  1.43  0.66
92  1.75  -16.86  1.36  0.66
93  1.59  -16.85  1.36  0.70
94  1.59  -16.85  1.36  0.66
95  1.57  -16.66  1.36  0.69
96  1.37  -15.91  1.36  0.73
97  1.33  -16.98  1.36  0.77
98  1.38  -16.77  1.43  0.77
99  1.38  -16.73  1.50  0.77
100  1.38  -16.73  1.50  0.38
101  1.38  -16.73  1.50  0.19
121  1.41  -16.37  0.96  0.07
141  1.39  -16.14  0.35  0.05
161  1.46  -16.24  0.12  0.04
181  1.44  -16.61  0.22  0.05
201  1.54  -16.93  0.16  0.02
221  1.46  -16.69  0.10  0.02
241  1.43  -16.79  0.08  0.03
261  1.46  -16.53  0.07  0.04
281  1.44  -16.74  0.10  0.03
301  1.45  -16.55  0.14  0.06
321  1.40  -16.16  0.22  0.09
341  1.46  -16.27  0.40  0.11
361  1.60  -16.19  0.54  0.17
381  1.60  -16.94  0.34  0.08
401  1.57  -16.19  0.46  0.11
421  1.78  -15.40  0.67  0.14
441  2.22  -15.17  0.85  0.24
461  2.29  -15.61  1.09  0.30
481  3.02  -15.32  1.25  0.56
501  3.05  -14.92  1.44  0.71
521  3.20  -17.62  1.73  0.37
541  2.97  -17.36  0.47  0.08
561  2.95  -16.97  0.35  0.05
581  2.97  -16.92  0.51  0.07
601  2.64  -16.37  0.76  0.11
621  2.73  -17.54  0.79  0.17
641  3.24  -17.40  0.95  0.10
661  3.45  -17.34  0.32  0.04
681  3.42  -17.31  0.39  0.08
701  3.30  -17.84  0.52  0.12
721  3.41  -17.44  0.80  0.15
741  3.67  -17.02  0.68  0.20
761  3.23  -17.44  0.39  0.25
781  2.94  -16.59  0.52  0.33
801  3.01  -17.73  0.18  0.06
821  2.94  -17.61  0.26  0.05
841  2.89  -17.39  0.38  0.07
861  2.84  -17.64  0.28  0.11
881  2.85  -17.32  0.47  0.08
901  3.01  -17.92  0.14  0.04
921  3.03  -17.91  0.21  0.05
941  3.06  -17.81  0.38  0.06
961  2.91  -16.62  0.53  0.10
981  3.06  -17.16  0.82  0.15
